31 150
1 2
1 3
1 4
1 5
1 6
6 7
6 8
6 9
6 10
6 11
11 12
11 13
11 14
11 15
11 16
16 17
16 18
16 19
16 20
16 21
21 22
21 23
21 24
21 25
21 26
26 27
26 28
26 29
26 30
26 31
31 32
31 33
31 34
31 35
31 36
36 37
36 38
36 39
36 40
36 41
41 42
41 43
41 44
41 45
41 46
46 47
46 48
46 49
46 50
46 51
51 52
51 53
51 54
51 55
51 56
56 57
56 58
56 59
56 60
56 61
61 62
61 63
61 64
61 65
61 66
66 67
66 68
66 69
66 70
66 71
71 72
71 73
71 74
71 75
71 76
76 77
76 78
76 79
76 80
76 81
81 82
81 83
81 84
81 85
81 86
86 87
86 88
86 89
86 90
86 91
91 92
91 93
91 94
91 95
91 96
96 97
96 98
96 99
96 100
96 101
101 102
101 103
101 104
101 105
101 106
106 107
106 108
106 109
106 110
106 111
111 112
111 113
111 114
111 115
111 116
116 117
116 118
116 119
116 120
116 121
121 122
121 123
121 124
121 125
121 126
126 127
126 128
126 129
126 130
126 131
131 132
131 133
131 134
131 135
131 136
136 137
136 138
136 139
136 140
136 141
141 142
141 143
141 144
141 145
141 146
146 147
146 148
146 149
146 150
146 151
